1
2
4
5
6
5
2
4
5
6
7
0
1
4
5
7
9
8
0
5
2
6
4
3
1
21
2
4
5
6
5
2
4
5
6
7
0
1
4
5
7
9
8
0
5
2
6
4
3
1
2
1
2
4
5
6
5
2
4
5
6
7
0
1
4
5
7
9
8
0
5
2
6
4
3
1
2
1
2
4
5
6
5
2
4
5
6
7
0
1
4
5
7
9
8
0
5
2
6
4
3
1
2
1
2
4
5
6
5
2
4
5
6
7
0
1
4
5
7
9
8
0
5
2
6
4
3
1
2
1
2
4
5
6
5
2
4
5
6
7
0
1
4
5
7
9
8
0
5
2
6
4
3
1
2
1
2
4
5
6
5
2
4
5
6
7
0
1
4
5
7
9
8
0
5
2
6
4
3
1
2
1
2
4
5
6
5
2
4
5
6
7
0
1
4
5
7
9
8
0
5
2
6
4
3
1
2
0
1
4
5
7
9
8
0
5
2
6
4
3
1
2
1
2
4
5
6
5
2
4
5
6
7
0
1
4
5
7
9
8
0
5
2
6
4
3
1
2
1
2
4
5
6
5
20
1
4
5
7
9
8
0
5
2
6
4
3
1
2
1
2
4
5
6
5
2
4
5
6
7
0
1
4
5
7
9
8
0
5
2
6
4
3
1
2
1
2
4
5
6
5
20
1
4
5
7
9
8
0
5
2
6
4
3
1
2
1
2
4
5
6
5
2
4
5
6
7
0
1
4
5
7
9
8
0
5
2
6
4
3
1
2
1
2
4
5
6
5
20
1
4
5
7
9
8
0
5
2
6
4
3
1
2
1
2
4
5
6
5
2
4
5
6
7
0
1
4
5
7
9
8
0
5
2
6
4
3
1
2
1
2
4
5
6
5
20
1
4
5
7
9
8
0
5
2
6
4
3
1
2
1
2
4
5
6
5
2
4
5
6
7
0
1
4
5
7
9
8
0
5
2
6
4
3
1
2
1
2
4
5
6
5
20
1
4
5
7
9
8
0
5
2
6
4
3
1
2
1
2
4
5
6
5
2
4
5
6
7
0
1
4
5
7
9
8
0
5
2
6
4
3
1
2
1
2
4
5
6
5
20
1
4
5
7
9
8
0
5
2
6
4
3
1
2
1
2
4
5
6
5
2
4
5
6
7
0
1
4
5
7
9
8
0
5
2
6
4
3
1
2
1
2
4
5
6
5
20
1
4
5
7
9
8
0
5
2
6
4
3
1
2
1
2
4
5
6
5
2
4
5
6
7
0
1
4
0
1
4
5
7
9
8
0
5
2
6
4
3
1
2
1
2
4
5
6
5
2
4
5
6
7
0
1
4
5
7
9
8
0
5
2
6
4
3
1
2
1
2
4
5
6
5
2
555
6
5
2
45
46
51
64
78
83
92
93
258
45
46
51
64
78
83
92
93
25845
46
51
64
78
83
92
93
25845
46
51
64
78
83
92
93
2585
46
51
64
78
83
92
93
258
456
458
215
5
7
2
74
5
245
71
5274
57
15
425
